{
 "cells": [
  {
   "cell_type": "code",
   "execution_count": 137,
   "metadata": {},
   "outputs": [],
   "source": [
    "import os\n",
    "import pandas as pd\n",
    "import numpy as np\n",
    "\n",
    "import plotly.graph_objects as go\n",
    "import plotly.express as px\n",
    "\n",
    "from sklearn.preprocessing import StandardScaler, MinMaxScaler\n",
    "from sklearn.model_selection import train_test_split\n",
    "from sklearn.decomposition import PCA\n",
    "\n",
    "from imblearn.over_sampling import RandomOverSampler\n",
    "\n",
    "from scipy.io import savemat, loadmat"
   ]
  },
  {
   "cell_type": "code",
   "execution_count": 138,
   "metadata": {},
   "outputs": [],
   "source": [
    "dataset = pd.read_csv('/home/simone/PycharmProjects/cPDS/data/framingham.csv')"
   ]
  },
  {
   "cell_type": "code",
   "execution_count": 139,
   "metadata": {
    "scrolled": false
   },
   "outputs": [
    {
     "data": {
      "text/html": [
       "<div>\n",
       "<style scoped>\n",
       "    .dataframe tbody tr th:only-of-type {\n",
       "        vertical-align: middle;\n",
       "    }\n",
       "\n",
       "    .dataframe tbody tr th {\n",
       "        vertical-align: top;\n",
       "    }\n",
       "\n",
       "    .dataframe thead th {\n",
       "        text-align: right;\n",
       "    }\n",
       "</style>\n",
       "<table border=\"1\" class=\"dataframe\">\n",
       "  <thead>\n",
       "    <tr style=\"text-align: right;\">\n",
       "      <th></th>\n",
       "      <th>male</th>\n",
       "      <th>age</th>\n",
       "      <th>education</th>\n",
       "      <th>currentSmoker</th>\n",
       "      <th>cigsPerDay</th>\n",
       "      <th>BPMeds</th>\n",
       "      <th>prevalentStroke</th>\n",
       "      <th>prevalentHyp</th>\n",
       "      <th>diabetes</th>\n",
       "      <th>totChol</th>\n",
       "      <th>sysBP</th>\n",
       "      <th>diaBP</th>\n",
       "      <th>BMI</th>\n",
       "      <th>heartRate</th>\n",
       "      <th>glucose</th>\n",
       "      <th>TenYearCHD</th>\n",
       "    </tr>\n",
       "  </thead>\n",
       "  <tbody>\n",
       "    <tr>\n",
       "      <th>0</th>\n",
       "      <td>1</td>\n",
       "      <td>39</td>\n",
       "      <td>4.0</td>\n",
       "      <td>0</td>\n",
       "      <td>0.0</td>\n",
       "      <td>0.0</td>\n",
       "      <td>0</td>\n",
       "      <td>0</td>\n",
       "      <td>0</td>\n",
       "      <td>195.0</td>\n",
       "      <td>106.0</td>\n",
       "      <td>70.0</td>\n",
       "      <td>26.97</td>\n",
       "      <td>80.0</td>\n",
       "      <td>77.0</td>\n",
       "      <td>0</td>\n",
       "    </tr>\n",
       "    <tr>\n",
       "      <th>1</th>\n",
       "      <td>0</td>\n",
       "      <td>46</td>\n",
       "      <td>2.0</td>\n",
       "      <td>0</td>\n",
       "      <td>0.0</td>\n",
       "      <td>0.0</td>\n",
       "      <td>0</td>\n",
       "      <td>0</td>\n",
       "      <td>0</td>\n",
       "      <td>250.0</td>\n",
       "      <td>121.0</td>\n",
       "      <td>81.0</td>\n",
       "      <td>28.73</td>\n",
       "      <td>95.0</td>\n",
       "      <td>76.0</td>\n",
       "      <td>0</td>\n",
       "    </tr>\n",
       "    <tr>\n",
       "      <th>2</th>\n",
       "      <td>1</td>\n",
       "      <td>48</td>\n",
       "      <td>1.0</td>\n",
       "      <td>1</td>\n",
       "      <td>20.0</td>\n",
       "      <td>0.0</td>\n",
       "      <td>0</td>\n",
       "      <td>0</td>\n",
       "      <td>0</td>\n",
       "      <td>245.0</td>\n",
       "      <td>127.5</td>\n",
       "      <td>80.0</td>\n",
       "      <td>25.34</td>\n",
       "      <td>75.0</td>\n",
       "      <td>70.0</td>\n",
       "      <td>0</td>\n",
       "    </tr>\n",
       "    <tr>\n",
       "      <th>3</th>\n",
       "      <td>0</td>\n",
       "      <td>61</td>\n",
       "      <td>3.0</td>\n",
       "      <td>1</td>\n",
       "      <td>30.0</td>\n",
       "      <td>0.0</td>\n",
       "      <td>0</td>\n",
       "      <td>1</td>\n",
       "      <td>0</td>\n",
       "      <td>225.0</td>\n",
       "      <td>150.0</td>\n",
       "      <td>95.0</td>\n",
       "      <td>28.58</td>\n",
       "      <td>65.0</td>\n",
       "      <td>103.0</td>\n",
       "      <td>1</td>\n",
       "    </tr>\n",
       "    <tr>\n",
       "      <th>4</th>\n",
       "      <td>0</td>\n",
       "      <td>46</td>\n",
       "      <td>3.0</td>\n",
       "      <td>1</td>\n",
       "      <td>23.0</td>\n",
       "      <td>0.0</td>\n",
       "      <td>0</td>\n",
       "      <td>0</td>\n",
       "      <td>0</td>\n",
       "      <td>285.0</td>\n",
       "      <td>130.0</td>\n",
       "      <td>84.0</td>\n",
       "      <td>23.10</td>\n",
       "      <td>85.0</td>\n",
       "      <td>85.0</td>\n",
       "      <td>0</td>\n",
       "    </tr>\n",
       "    <tr>\n",
       "      <th>...</th>\n",
       "      <td>...</td>\n",
       "      <td>...</td>\n",
       "      <td>...</td>\n",
       "      <td>...</td>\n",
       "      <td>...</td>\n",
       "      <td>...</td>\n",
       "      <td>...</td>\n",
       "      <td>...</td>\n",
       "      <td>...</td>\n",
       "      <td>...</td>\n",
       "      <td>...</td>\n",
       "      <td>...</td>\n",
       "      <td>...</td>\n",
       "      <td>...</td>\n",
       "      <td>...</td>\n",
       "      <td>...</td>\n",
       "    </tr>\n",
       "    <tr>\n",
       "      <th>4235</th>\n",
       "      <td>0</td>\n",
       "      <td>48</td>\n",
       "      <td>2.0</td>\n",
       "      <td>1</td>\n",
       "      <td>20.0</td>\n",
       "      <td>NaN</td>\n",
       "      <td>0</td>\n",
       "      <td>0</td>\n",
       "      <td>0</td>\n",
       "      <td>248.0</td>\n",
       "      <td>131.0</td>\n",
       "      <td>72.0</td>\n",
       "      <td>22.00</td>\n",
       "      <td>84.0</td>\n",
       "      <td>86.0</td>\n",
       "      <td>0</td>\n",
       "    </tr>\n",
       "    <tr>\n",
       "      <th>4236</th>\n",
       "      <td>0</td>\n",
       "      <td>44</td>\n",
       "      <td>1.0</td>\n",
       "      <td>1</td>\n",
       "      <td>15.0</td>\n",
       "      <td>0.0</td>\n",
       "      <td>0</td>\n",
       "      <td>0</td>\n",
       "      <td>0</td>\n",
       "      <td>210.0</td>\n",
       "      <td>126.5</td>\n",
       "      <td>87.0</td>\n",
       "      <td>19.16</td>\n",
       "      <td>86.0</td>\n",
       "      <td>NaN</td>\n",
       "      <td>0</td>\n",
       "    </tr>\n",
       "    <tr>\n",
       "      <th>4237</th>\n",
       "      <td>0</td>\n",
       "      <td>52</td>\n",
       "      <td>2.0</td>\n",
       "      <td>0</td>\n",
       "      <td>0.0</td>\n",
       "      <td>0.0</td>\n",
       "      <td>0</td>\n",
       "      <td>0</td>\n",
       "      <td>0</td>\n",
       "      <td>269.0</td>\n",
       "      <td>133.5</td>\n",
       "      <td>83.0</td>\n",
       "      <td>21.47</td>\n",
       "      <td>80.0</td>\n",
       "      <td>107.0</td>\n",
       "      <td>0</td>\n",
       "    </tr>\n",
       "    <tr>\n",
       "      <th>4238</th>\n",
       "      <td>1</td>\n",
       "      <td>40</td>\n",
       "      <td>3.0</td>\n",
       "      <td>0</td>\n",
       "      <td>0.0</td>\n",
       "      <td>0.0</td>\n",
       "      <td>0</td>\n",
       "      <td>1</td>\n",
       "      <td>0</td>\n",
       "      <td>185.0</td>\n",
       "      <td>141.0</td>\n",
       "      <td>98.0</td>\n",
       "      <td>25.60</td>\n",
       "      <td>67.0</td>\n",
       "      <td>72.0</td>\n",
       "      <td>0</td>\n",
       "    </tr>\n",
       "    <tr>\n",
       "      <th>4239</th>\n",
       "      <td>0</td>\n",
       "      <td>39</td>\n",
       "      <td>3.0</td>\n",
       "      <td>1</td>\n",
       "      <td>30.0</td>\n",
       "      <td>0.0</td>\n",
       "      <td>0</td>\n",
       "      <td>0</td>\n",
       "      <td>0</td>\n",
       "      <td>196.0</td>\n",
       "      <td>133.0</td>\n",
       "      <td>86.0</td>\n",
       "      <td>20.91</td>\n",
       "      <td>85.0</td>\n",
       "      <td>80.0</td>\n",
       "      <td>0</td>\n",
       "    </tr>\n",
       "  </tbody>\n",
       "</table>\n",
       "<p>4240 rows × 16 columns</p>\n",
       "</div>"
      ],
      "text/plain": [
       "      male  age  education  currentSmoker  cigsPerDay  BPMeds  \\\n",
       "0        1   39        4.0              0         0.0     0.0   \n",
       "1        0   46        2.0              0         0.0     0.0   \n",
       "2        1   48        1.0              1        20.0     0.0   \n",
       "3        0   61        3.0              1        30.0     0.0   \n",
       "4        0   46        3.0              1        23.0     0.0   \n",
       "...    ...  ...        ...            ...         ...     ...   \n",
       "4235     0   48        2.0              1        20.0     NaN   \n",
       "4236     0   44        1.0              1        15.0     0.0   \n",
       "4237     0   52        2.0              0         0.0     0.0   \n",
       "4238     1   40        3.0              0         0.0     0.0   \n",
       "4239     0   39        3.0              1        30.0     0.0   \n",
       "\n",
       "      prevalentStroke  prevalentHyp  diabetes  totChol  sysBP  diaBP    BMI  \\\n",
       "0                   0             0         0    195.0  106.0   70.0  26.97   \n",
       "1                   0             0         0    250.0  121.0   81.0  28.73   \n",
       "2                   0             0         0    245.0  127.5   80.0  25.34   \n",
       "3                   0             1         0    225.0  150.0   95.0  28.58   \n",
       "4                   0             0         0    285.0  130.0   84.0  23.10   \n",
       "...               ...           ...       ...      ...    ...    ...    ...   \n",
       "4235                0             0         0    248.0  131.0   72.0  22.00   \n",
       "4236                0             0         0    210.0  126.5   87.0  19.16   \n",
       "4237                0             0         0    269.0  133.5   83.0  21.47   \n",
       "4238                0             1         0    185.0  141.0   98.0  25.60   \n",
       "4239                0             0         0    196.0  133.0   86.0  20.91   \n",
       "\n",
       "      heartRate  glucose  TenYearCHD  \n",
       "0          80.0     77.0           0  \n",
       "1          95.0     76.0           0  \n",
       "2          75.0     70.0           0  \n",
       "3          65.0    103.0           1  \n",
       "4          85.0     85.0           0  \n",
       "...         ...      ...         ...  \n",
       "4235       84.0     86.0           0  \n",
       "4236       86.0      NaN           0  \n",
       "4237       80.0    107.0           0  \n",
       "4238       67.0     72.0           0  \n",
       "4239       85.0     80.0           0  \n",
       "\n",
       "[4240 rows x 16 columns]"
      ]
     },
     "execution_count": 139,
     "metadata": {},
     "output_type": "execute_result"
    }
   ],
   "source": [
    "dataset"
   ]
  },
  {
   "cell_type": "code",
   "execution_count": 140,
   "metadata": {},
   "outputs": [],
   "source": [
    "dataset.dropna(inplace=True)"
   ]
  },
  {
   "cell_type": "code",
   "execution_count": 141,
   "metadata": {},
   "outputs": [
    {
     "data": {
      "application/vnd.plotly.v1+json": {
       "config": {
        "plotlyServerURL": "https://plot.ly"
       },
       "data": [
        {
         "coloraxis": "coloraxis",
         "hovertemplate": "x: %{x}<br>y: %{y}<br>color: %{z}<extra></extra>",
         "name": "0",
         "type": "heatmap",
         "x": [
          "male",
          "age",
          "education",
          "currentSmoker",
          "cigsPerDay",
          "BPMeds",
          "prevalentStroke",
          "prevalentHyp",
          "diabetes",
          "totChol",
          "sysBP",
          "diaBP",
          "BMI",
          "heartRate",
          "glucose",
          "TenYearCHD"
         ],
         "xaxis": "x",
         "y": [
          "male",
          "age",
          "education",
          "currentSmoker",
          "cigsPerDay",
          "BPMeds",
          "prevalentStroke",
          "prevalentHyp",
          "diabetes",
          "totChol",
          "sysBP",
          "diaBP",
          "BMI",
          "heartRate",
          "glucose",
          "TenYearCHD"
         ],
         "yaxis": "y",
         "z": [
          [
           1,
           -0.024411604947835515,
           0.017728914621250213,
           0.2061143439764927,
           0.3303224512247317,
           -0.05212402494255428,
           -0.0023115828044592127,
           0.0014244488931503272,
           0.013818700157391658,
           -0.07032113220095924,
           -0.04535803682864105,
           0.051871861170763804,
           0.0731114232308676,
           -0.11528541252943239,
           0.0029399773547817273,
           0.09168836996788148
          ],
          [
           -0.024411604947835515,
           1,
           -0.1594985556216141,
           -0.21077094584577935,
           -0.18929528074495278,
           0.13473172699035488,
           0.05089336529583922,
           0.3062387355345334,
           0.109091586852726,
           0.26825160462610187,
           0.38826666609066757,
           0.20828287593765682,
           0.13751110430137323,
           -0.002722424030837224,
           0.11834913050635071,
           0.23398279044065617
          ],
          [
           0.017728914621250213,
           -0.1594985556216141,
           1,
           0.025251006240388923,
           0.013790077118235291,
           -0.013739466826650795,
           -0.030385945343276908,
           -0.07882751458030857,
           -0.03962675229501716,
           -0.013521580625972024,
           -0.12435977563855379,
           -0.058058505159867595,
           -0.13755494178396802,
           -0.06421429916793854,
           -0.03199834033436648,
           -0.06327867625279347
          ],
          [
           0.2061143439764927,
           -0.21077094584577935,
           0.025251006240388923,
           1,
           0.7739131970691031,
           -0.05192328326646902,
           -0.038149898292763565,
           -0.10807788752485877,
           -0.04184893419529307,
           -0.05103409819451591,
           -0.1344279324094279,
           -0.11595510696971233,
           -0.1598214362099753,
           0.0508413413610633,
           -0.05324153161734304,
           0.019164934723568013
          ],
          [
           0.3303224512247317,
           -0.18929528074495278,
           0.013790077118235291,
           0.7739131970691031,
           1,
           -0.04650398590186325,
           -0.036285654153505716,
           -0.07046031984756014,
           -0.03696097520554804,
           -0.030400357242152096,
           -0.09478131417926403,
           -0.0567456758785113,
           -0.08739478186066288,
           0.06403043463579286,
           -0.05372643299530072,
           0.05201378869067209
          ],
          [
           -0.05212402494255428,
           0.13473172699035488,
           -0.013739466826650795,
           -0.05192328326646902,
           -0.04650398590186325,
           1,
           0.11312516106672901,
           0.2629095321705937,
           0.049066345286357727,
           0.0940826040302031,
           0.2712628279805866,
           0.19963001639167585,
           0.10564165959686965,
           0.012889347151871854,
           0.054232299780694555,
           0.08915157639207139
          ],
          [
           -0.0023115828044592127,
           0.05089336529583922,
           -0.030385945343276908,
           -0.038149898292763565,
           -0.036285654153505716,
           0.11312516106672901,
           1,
           0.06605692202893022,
           0.00962541007114453,
           0.012736422566914592,
           0.061069545533130445,
           0.05583363807815047,
           0.03649635245289221,
           -0.0170185843035287,
           0.01606102008773618,
           0.04836573841788698
          ],
          [
           0.0014244488931503272,
           0.3062387355345334,
           -0.07882751458030857,
           -0.10807788752485877,
           -0.07046031984756014,
           0.2629095321705937,
           0.06605692202893022,
           1,
           0.08055605611890719,
           0.16665496758034756,
           0.6976749398453799,
           0.6177344355448932,
           0.3029491680742887,
           0.14681790118401356,
           0.08694213043726809,
           0.1813871352531669
          ],
          [
           0.013818700157391658,
           0.109091586852726,
           -0.03962675229501716,
           -0.04184893419529307,
           -0.03696097520554804,
           0.049066345286357727,
           0.00962541007114453,
           0.08055605611890719,
           1,
           0.04845145709732672,
           0.10255212593015939,
           0.050686192143084,
           0.08900859102002448,
           0.06098359745722993,
           0.614820316802165,
           0.09343078616640745
          ],
          [
           -0.07032113220095924,
           0.26825160462610187,
           -0.013521580625972024,
           -0.05103409819451591,
           -0.030400357242152096,
           0.0940826040302031,
           0.012736422566914592,
           0.16665496758034756,
           0.04845145709732672,
           1,
           0.21992458755279498,
           0.1744219728121573,
           0.1210564538197354,
           0.09305284474367155,
           0.04988445100462991,
           0.09133805457785163
          ],
          [
           -0.04535803682864105,
           0.38826666609066757,
           -0.12435977563855379,
           -0.1344279324094279,
           -0.09478131417926403,
           0.2712628279805866,
           0.061069545533130445,
           0.6976749398453799,
           0.10255212593015939,
           0.21992458755279498,
           1,
           0.7866693577239631,
           0.33091733315965777,
           0.18479691385032176,
           0.13465100779355563,
           0.2228211113922973
          ],
          [
           0.051871861170763804,
           0.20828287593765682,
           -0.058058505159867595,
           -0.11595510696971233,
           -0.0567456758785113,
           0.19963001639167585,
           0.05583363807815047,
           0.6177344355448932,
           0.050686192143084,
           0.1744219728121573,
           0.7866693577239631,
           1,
           0.38534762383219306,
           0.17874358560311499,
           0.06354022265430315,
           0.1501244620429896
          ],
          [
           0.0731114232308676,
           0.13751110430137323,
           -0.13755494178396802,
           -0.1598214362099753,
           -0.08739478186066288,
           0.10564165959686965,
           0.03649635245289221,
           0.3029491680742887,
           0.08900859102002448,
           0.1210564538197354,
           0.33091733315965777,
           0.38534762383219306,
           1,
           0.07413051373380894,
           0.08368314517371346,
           0.08205520898186246
          ],
          [
           -0.11528541252943239,
           -0.002722424030837224,
           -0.06421429916793854,
           0.0508413413610633,
           0.06403043463579286,
           0.012889347151871854,
           -0.0170185843035287,
           0.14681790118401356,
           0.06098359745722993,
           0.09305284474367155,
           0.18479691385032176,
           0.17874358560311499,
           0.07413051373380894,
           1,
           0.09707426587134253,
           0.020514034608523513
          ],
          [
           0.0029399773547817273,
           0.11834913050635071,
           -0.03199834033436648,
           -0.05324153161734304,
           -0.05372643299530072,
           0.054232299780694555,
           0.01606102008773618,
           0.08694213043726809,
           0.614820316802165,
           0.04988445100462991,
           0.13465100779355563,
           0.06354022265430315,
           0.08368314517371346,
           0.09707426587134253,
           1,
           0.1219898929432069
          ],
          [
           0.09168836996788148,
           0.23398279044065617,
           -0.06327867625279347,
           0.019164934723568013,
           0.05201378869067209,
           0.08915157639207139,
           0.04836573841788698,
           0.1813871352531669,
           0.09343078616640745,
           0.09133805457785163,
           0.2228211113922973,
           0.1501244620429896,
           0.08205520898186246,
           0.020514034608523513,
           0.1219898929432069,
           1
          ]
         ]
        }
       ],
       "layout": {
        "coloraxis": {
         "colorscale": [
          [
           0,
           "#0d0887"
          ],
          [
           0.1111111111111111,
           "#46039f"
          ],
          [
           0.2222222222222222,
           "#7201a8"
          ],
          [
           0.3333333333333333,
           "#9c179e"
          ],
          [
           0.4444444444444444,
           "#bd3786"
          ],
          [
           0.5555555555555556,
           "#d8576b"
          ],
          [
           0.6666666666666666,
           "#ed7953"
          ],
          [
           0.7777777777777778,
           "#fb9f3a"
          ],
          [
           0.8888888888888888,
           "#fdca26"
          ],
          [
           1,
           "#f0f921"
          ]
         ]
        },
        "margin": {
         "t": 60
        },
        "template": {
         "data": {
          "bar": [
           {
            "error_x": {
             "color": "#2a3f5f"
            },
            "error_y": {
             "color": "#2a3f5f"
            },
            "marker": {
             "line": {
              "color": "#E5ECF6",
              "width": 0.5
             }
            },
            "type": "bar"
           }
          ],
          "barpolar": [
           {
            "marker": {
             "line": {
              "color": "#E5ECF6",
              "width": 0.5
             }
            },
            "type": "barpolar"
           }
          ],
          "carpet": [
           {
            "aaxis": {
             "endlinecolor": "#2a3f5f",
             "gridcolor": "white",
             "linecolor": "white",
             "minorgridcolor": "white",
             "startlinecolor": "#2a3f5f"
            },
            "baxis": {
             "endlinecolor": "#2a3f5f",
             "gridcolor": "white",
             "linecolor": "white",
             "minorgridcolor": "white",
             "startlinecolor": "#2a3f5f"
            },
            "type": "carpet"
           }
          ],
          "choropleth": [
           {
            "colorbar": {
             "outlinewidth": 0,
             "ticks": ""
            },
            "type": "choropleth"
           }
          ],
          "contour": [
           {
            "colorbar": {
             "outlinewidth": 0,
             "ticks": ""
            },
            "colorscale": [
             [
              0,
              "#0d0887"
             ],
             [
              0.1111111111111111,
              "#46039f"
             ],
             [
              0.2222222222222222,
              "#7201a8"
             ],
             [
              0.3333333333333333,
              "#9c179e"
             ],
             [
              0.4444444444444444,
              "#bd3786"
             ],
             [
              0.5555555555555556,
              "#d8576b"
             ],
             [
              0.6666666666666666,
              "#ed7953"
             ],
             [
              0.7777777777777778,
              "#fb9f3a"
             ],
             [
              0.8888888888888888,
              "#fdca26"
             ],
             [
              1,
              "#f0f921"
             ]
            ],
            "type": "contour"
           }
          ],
          "contourcarpet": [
           {
            "colorbar": {
             "outlinewidth": 0,
             "ticks": ""
            },
            "type": "contourcarpet"
           }
          ],
          "heatmap": [
           {
            "colorbar": {
             "outlinewidth": 0,
             "ticks": ""
            },
            "colorscale": [
             [
              0,
              "#0d0887"
             ],
             [
              0.1111111111111111,
              "#46039f"
             ],
             [
              0.2222222222222222,
              "#7201a8"
             ],
             [
              0.3333333333333333,
              "#9c179e"
             ],
             [
              0.4444444444444444,
              "#bd3786"
             ],
             [
              0.5555555555555556,
              "#d8576b"
             ],
             [
              0.6666666666666666,
              "#ed7953"
             ],
             [
              0.7777777777777778,
              "#fb9f3a"
             ],
             [
              0.8888888888888888,
              "#fdca26"
             ],
             [
              1,
              "#f0f921"
             ]
            ],
            "type": "heatmap"
           }
          ],
          "heatmapgl": [
           {
            "colorbar": {
             "outlinewidth": 0,
             "ticks": ""
            },
            "colorscale": [
             [
              0,
              "#0d0887"
             ],
             [
              0.1111111111111111,
              "#46039f"
             ],
             [
              0.2222222222222222,
              "#7201a8"
             ],
             [
              0.3333333333333333,
              "#9c179e"
             ],
             [
              0.4444444444444444,
              "#bd3786"
             ],
             [
              0.5555555555555556,
              "#d8576b"
             ],
             [
              0.6666666666666666,
              "#ed7953"
             ],
             [
              0.7777777777777778,
              "#fb9f3a"
             ],
             [
              0.8888888888888888,
              "#fdca26"
             ],
             [
              1,
              "#f0f921"
             ]
            ],
            "type": "heatmapgl"
           }
          ],
          "histogram": [
           {
            "marker": {
             "colorbar": {
              "outlinewidth": 0,
              "ticks": ""
             }
            },
            "type": "histogram"
           }
          ],
          "histogram2d": [
           {
            "colorbar": {
             "outlinewidth": 0,
             "ticks": ""
            },
            "colorscale": [
             [
              0,
              "#0d0887"
             ],
             [
              0.1111111111111111,
              "#46039f"
             ],
             [
              0.2222222222222222,
              "#7201a8"
             ],
             [
              0.3333333333333333,
              "#9c179e"
             ],
             [
              0.4444444444444444,
              "#bd3786"
             ],
             [
              0.5555555555555556,
              "#d8576b"
             ],
             [
              0.6666666666666666,
              "#ed7953"
             ],
             [
              0.7777777777777778,
              "#fb9f3a"
             ],
             [
              0.8888888888888888,
              "#fdca26"
             ],
             [
              1,
              "#f0f921"
             ]
            ],
            "type": "histogram2d"
           }
          ],
          "histogram2dcontour": [
           {
            "colorbar": {
             "outlinewidth": 0,
             "ticks": ""
            },
            "colorscale": [
             [
              0,
              "#0d0887"
             ],
             [
              0.1111111111111111,
              "#46039f"
             ],
             [
              0.2222222222222222,
              "#7201a8"
             ],
             [
              0.3333333333333333,
              "#9c179e"
             ],
             [
              0.4444444444444444,
              "#bd3786"
             ],
             [
              0.5555555555555556,
              "#d8576b"
             ],
             [
              0.6666666666666666,
              "#ed7953"
             ],
             [
              0.7777777777777778,
              "#fb9f3a"
             ],
             [
              0.8888888888888888,
              "#fdca26"
             ],
             [
              1,
              "#f0f921"
             ]
            ],
            "type": "histogram2dcontour"
           }
          ],
          "mesh3d": [
           {
            "colorbar": {
             "outlinewidth": 0,
             "ticks": ""
            },
            "type": "mesh3d"
           }
          ],
          "parcoords": [
           {
            "line": {
             "colorbar": {
              "outlinewidth": 0,
              "ticks": ""
             }
            },
            "type": "parcoords"
           }
          ],
          "pie": [
           {
            "automargin": true,
            "type": "pie"
           }
          ],
          "scatter": [
           {
            "marker": {
             "colorbar": {
              "outlinewidth": 0,
              "ticks": ""
             }
            },
            "type": "scatter"
           }
          ],
          "scatter3d": [
           {
            "line": {
             "colorbar": {
              "outlinewidth": 0,
              "ticks": ""
             }
            },
            "marker": {
             "colorbar": {
              "outlinewidth": 0,
              "ticks": ""
             }
            },
            "type": "scatter3d"
           }
          ],
          "scattercarpet": [
           {
            "marker": {
             "colorbar": {
              "outlinewidth": 0,
              "ticks": ""
             }
            },
            "type": "scattercarpet"
           }
          ],
          "scattergeo": [
           {
            "marker": {
             "colorbar": {
              "outlinewidth": 0,
              "ticks": ""
             }
            },
            "type": "scattergeo"
           }
          ],
          "scattergl": [
           {
            "marker": {
             "colorbar": {
              "outlinewidth": 0,
              "ticks": ""
             }
            },
            "type": "scattergl"
           }
          ],
          "scattermapbox": [
           {
            "marker": {
             "colorbar": {
              "outlinewidth": 0,
              "ticks": ""
             }
            },
            "type": "scattermapbox"
           }
          ],
          "scatterpolar": [
           {
            "marker": {
             "colorbar": {
              "outlinewidth": 0,
              "ticks": ""
             }
            },
            "type": "scatterpolar"
           }
          ],
          "scatterpolargl": [
           {
            "marker": {
             "colorbar": {
              "outlinewidth": 0,
              "ticks": ""
             }
            },
            "type": "scatterpolargl"
           }
          ],
          "scatterternary": [
           {
            "marker": {
             "colorbar": {
              "outlinewidth": 0,
              "ticks": ""
             }
            },
            "type": "scatterternary"
           }
          ],
          "surface": [
           {
            "colorbar": {
             "outlinewidth": 0,
             "ticks": ""
            },
            "colorscale": [
             [
              0,
              "#0d0887"
             ],
             [
              0.1111111111111111,
              "#46039f"
             ],
             [
              0.2222222222222222,
              "#7201a8"
             ],
             [
              0.3333333333333333,
              "#9c179e"
             ],
             [
              0.4444444444444444,
              "#bd3786"
             ],
             [
              0.5555555555555556,
              "#d8576b"
             ],
             [
              0.6666666666666666,
              "#ed7953"
             ],
             [
              0.7777777777777778,
              "#fb9f3a"
             ],
             [
              0.8888888888888888,
              "#fdca26"
             ],
             [
              1,
              "#f0f921"
             ]
            ],
            "type": "surface"
           }
          ],
          "table": [
           {
            "cells": {
             "fill": {
              "color": "#EBF0F8"
             },
             "line": {
              "color": "white"
             }
            },
            "header": {
             "fill": {
              "color": "#C8D4E3"
             },
             "line": {
              "color": "white"
             }
            },
            "type": "table"
           }
          ]
         },
         "layout": {
          "annotationdefaults": {
           "arrowcolor": "#2a3f5f",
           "arrowhead": 0,
           "arrowwidth": 1
          },
          "autotypenumbers": "strict",
          "coloraxis": {
           "colorbar": {
            "outlinewidth": 0,
            "ticks": ""
           }
          },
          "colorscale": {
           "diverging": [
            [
             0,
             "#8e0152"
            ],
            [
             0.1,
             "#c51b7d"
            ],
            [
             0.2,
             "#de77ae"
            ],
            [
             0.3,
             "#f1b6da"
            ],
            [
             0.4,
             "#fde0ef"
            ],
            [
             0.5,
             "#f7f7f7"
            ],
            [
             0.6,
             "#e6f5d0"
            ],
            [
             0.7,
             "#b8e186"
            ],
            [
             0.8,
             "#7fbc41"
            ],
            [
             0.9,
             "#4d9221"
            ],
            [
             1,
             "#276419"
            ]
           ],
           "sequential": [
            [
             0,
             "#0d0887"
            ],
            [
             0.1111111111111111,
             "#46039f"
            ],
            [
             0.2222222222222222,
             "#7201a8"
            ],
            [
             0.3333333333333333,
             "#9c179e"
            ],
            [
             0.4444444444444444,
             "#bd3786"
            ],
            [
             0.5555555555555556,
             "#d8576b"
            ],
            [
             0.6666666666666666,
             "#ed7953"
            ],
            [
             0.7777777777777778,
             "#fb9f3a"
            ],
            [
             0.8888888888888888,
             "#fdca26"
            ],
            [
             1,
             "#f0f921"
            ]
           ],
           "sequentialminus": [
            [
             0,
             "#0d0887"
            ],
            [
             0.1111111111111111,
             "#46039f"
            ],
            [
             0.2222222222222222,
             "#7201a8"
            ],
            [
             0.3333333333333333,
             "#9c179e"
            ],
            [
             0.4444444444444444,
             "#bd3786"
            ],
            [
             0.5555555555555556,
             "#d8576b"
            ],
            [
             0.6666666666666666,
             "#ed7953"
            ],
            [
             0.7777777777777778,
             "#fb9f3a"
            ],
            [
             0.8888888888888888,
             "#fdca26"
            ],
            [
             1,
             "#f0f921"
            ]
           ]
          },
          "colorway": [
           "#636efa",
           "#EF553B",
           "#00cc96",
           "#ab63fa",
           "#FFA15A",
           "#19d3f3",
           "#FF6692",
           "#B6E880",
           "#FF97FF",
           "#FECB52"
          ],
          "font": {
           "color": "#2a3f5f"
          },
          "geo": {
           "bgcolor": "white",
           "lakecolor": "white",
           "landcolor": "#E5ECF6",
           "showlakes": true,
           "showland": true,
           "subunitcolor": "white"
          },
          "hoverlabel": {
           "align": "left"
          },
          "hovermode": "closest",
          "mapbox": {
           "style": "light"
          },
          "paper_bgcolor": "white",
          "plot_bgcolor": "#E5ECF6",
          "polar": {
           "angularaxis": {
            "gridcolor": "white",
            "linecolor": "white",
            "ticks": ""
           },
           "bgcolor": "#E5ECF6",
           "radialaxis": {
            "gridcolor": "white",
            "linecolor": "white",
            "ticks": ""
           }
          },
          "scene": {
           "xaxis": {
            "backgroundcolor": "#E5ECF6",
            "gridcolor": "white",
            "gridwidth": 2,
            "linecolor": "white",
            "showbackground": true,
            "ticks": "",
            "zerolinecolor": "white"
           },
           "yaxis": {
            "backgroundcolor": "#E5ECF6",
            "gridcolor": "white",
            "gridwidth": 2,
            "linecolor": "white",
            "showbackground": true,
            "ticks": "",
            "zerolinecolor": "white"
           },
           "zaxis": {
            "backgroundcolor": "#E5ECF6",
            "gridcolor": "white",
            "gridwidth": 2,
            "linecolor": "white",
            "showbackground": true,
            "ticks": "",
            "zerolinecolor": "white"
           }
          },
          "shapedefaults": {
           "line": {
            "color": "#2a3f5f"
           }
          },
          "ternary": {
           "aaxis": {
            "gridcolor": "white",
            "linecolor": "white",
            "ticks": ""
           },
           "baxis": {
            "gridcolor": "white",
            "linecolor": "white",
            "ticks": ""
           },
           "bgcolor": "#E5ECF6",
           "caxis": {
            "gridcolor": "white",
            "linecolor": "white",
            "ticks": ""
           }
          },
          "title": {
           "x": 0.05
          },
          "xaxis": {
           "automargin": true,
           "gridcolor": "white",
           "linecolor": "white",
           "ticks": "",
           "title": {
            "standoff": 15
           },
           "zerolinecolor": "white",
           "zerolinewidth": 2
          },
          "yaxis": {
           "automargin": true,
           "gridcolor": "white",
           "linecolor": "white",
           "ticks": "",
           "title": {
            "standoff": 15
           },
           "zerolinecolor": "white",
           "zerolinewidth": 2
          }
         }
        },
        "xaxis": {
         "anchor": "y",
         "constrain": "domain",
         "domain": [
          0,
          1
         ],
         "scaleanchor": "y"
        },
        "yaxis": {
         "anchor": "x",
